export const combos = [
  // HORIZONTALES
  [0,1,2,3,4],
  [5,6,7,8,9],
  [10,11,12,13,14],
  [15,16,17,18,19],
  [20,21,22,23,24],
  // VERTICALES
  [0,5,10,15,20],
  [1,6,11,16,21],
  [2,7,12,17,22],
  [3,8,13,18,23],
  [4,9,14,19,24],
  // DIAGONALES
  [0,6,12,18,24],
  [4,8,12,16,20],
  // CUADROS CHICOS
  [0,2,6,10,12],
  [1,3,7,11,13],
  [2,4,8,12,14],
  [5,7,11,15,17],
  [6,12,8,16,18],
  [7,9,13,17,19],
  [10,12,16,20,22],
  [11,13,17,21,23],
  [12,14,18,22,24],
  // CRUCES CHICAS
  [1,6,11,5,7],
  [2,7,12,6,8],
  [3,8,13,7,9],
  [6,11,16,10,12],
  [7,12,17,11,13],
  [8,13,18,12,14],
  [11,16,21,15,17],
  [12,17,22,16,18],
  [13,18,23,17,19],
  // COMPAS
  [0,6,12,16,20],
  [0,6,12,8,4],
  [20,16,12,18,24],
  [24,18,12,8,4],
  // TIJERA
  [5,1,12,23,19],
  [3,9,12,15,21],
  // CUADROS LARGOS
  // CRUCES LARGOS
]